Year,Researchers in R&D (per million people),Technicians in R&D (per million people)
1998,2102.379883,538.98428
1999,2135.26416,534.26833
2000,1902.600586,378.8117
2001,1924.963013,339.14624
2002,2210.916748,378.95991
2003,2193.733398,417.36197
2004,2465.568848,479.6251
2005,2451.187744,418.25017
2006,2600.75415,575.08617
2007,2747.582031,598.82645
2008,2972.930664,617.87679
2009,3229.675293,625.68528
2010,3057.782959,680.8793
2011,3392.805908,662.04266
2012,3457.755615,708.90951
2013,3338.395996,802.08512
2014,3285.593506,676.14947
2015,3188.491943,675.11832
2016,3296.372559,710.21109
